387
0.202395 4.17281 7.93583 -0.02338 -0.0555059
-0.595266 2.93051 7.89084 -0.12713 -0.206326
-0.716191 2.75089 7.83961 -0.142325 -0.229225
-0.663945 2.88359 7.91204 -0.13495 -0.212345
-0.857404 3.66125 7.75252 -0.159506 -0.117843
-0.857404 3.66125 7.75252 -0.159506 -0.117843
0.629426 3.03589 7.9528 0.0244725 -0.198267
-1.19016 3.02128 7.14394 -0.219515 -0.214927
0.428753 3.28087 7.91973 0.00124839 -0.166639
-1.2369 3.209 7.15345 -0.225431 -0.189281
-0.475147 2.41921 7.85363 -0.114235 -0.270593
0.400367 3.44611 7.94096 -0.00119323 -0.145032
-0.779213 3.7119 7.86633 -0.146898 -0.109292
0.487961 3.15533 7.91504 0.00806021 -0.182763
-1.21759 3.1518 7.13895 -0.223242 -0.19739
-0.828987 3.70968 7.76408 -0.155346 -0.111874
0.863763 3.6042 7.83178 0.056734 -0.129761
-0.4394 2.37584 7.85281 -0.10883 -0.274586
0.188595 2.4565 7.83205 -0.0314061 -0.267717
-1.26885 2.82037 7.01982 -0.23512 -0.246734
0.210546 2.3041 7.81184 -0.0293958 -0.285609
0.287826 3.67711 7.92879 -0.0147422 -0.117214
0.413597 3.32949 7.91066 -0.000497106 -0.160592
0.413597 3.32949 7.91066 -0.000497106 -0.160592
0.566384 3.03171 7.90349 0.0173021 -0.198072
0.563617 3.73188 7.89453 0.0198783 -0.112309
0.529845 4.02324 7.94011 0.0163119 -0.075269
1.52371 3.0684 7.65319 0.140029 -0.203428
0.755564 2.91116 7.88919 0.0401274 -0.21369
1.88919 2.28568 7.66209 0.181447 -0.301874
0.340903 2.17858 7.8593 -0.013747 -0.302354
0.346859 3.89055 7.93047 -0.00651333 -0.0910249
0.280637 2.48918 7.85999 -0.0193306 -0.264448
0.471878 3.20083 7.91108 0.00613729 -0.176797
0.471878 3.20083 7.91108 0.00613729 -0.176797
1.13973 3.31558 7.78894 0.0904128 -0.167673
1.13973 3.31558 7.78894 0.0904128 -0.167673
-0.944516 3.1316 7.47357 -0.177972 -0.191755
1.57425 2.97183 7.64128 0.146004 -0.216078
-0.546954 2.09562 7.73126 -0.125475 -0.314482
1.01293 3.28477 7.80983 0.0741345 -0.170582
1.01293 3.28477 7.80983 0.0741345 -0.170582
-0.57608 2.15112 7.73452 -0.128759 -0.307433
-0.240313 2.23207 7.86337 -0.0854379 -0.294009
-0.330735 2.14372 7.83191 -0.0968874 -0.305233
0.485429 3.11085 7.91637 0.0074985 -0.187923
0.362747 3.67425 7.92414 -0.00550668 -0.117949
-0.281511 2.36469 7.86158 -0.089996 -0.277438
-0.281511 2.36469 7.86158 -0.089996 -0.277438
0.343919 3.65224 7.91761 -0.00776751 -0.120739
0.596186 2.90341 7.88959 0.0203684 -0.213941
0.59632 2.90331 7.89259 0.0203684 -0.213941
0.203507 2.03022 7.84939 -0.0314414 -0.320505
0.550595 3.61328 7.82359 0.0177948 -0.12813
-1.24189 2.51757 6.94977 -0.234142 -0.291224
-0.786275 3.6489 7.86613 -0.148219 -0.117967
0.908837 2.80255 7.88309 0.0584847 -0.227388
0.489751 3.96175 7.9053 0.0113746 -0.0829613
-1.23727 2.86544 7.05136 -0.229445 -0.239296
-0.182814 2.33544 7.85977 -0.0780115 -0.281423
1.15373 3.5292 7.78102 0.0932369 -0.141099
-0.527383 2.22862 7.78729 -0.122146 -0.295799
1.17619 3.3038 7.7986 0.0947605 -0.169228
1.19926 2.91369 7.75437 0.0964738 -0.218654
0.997807 3.31204 7.79707 0.0724865 -0.167205
1.21448 2.86699 7.76686 0.0973863 -0.224334
0.232761 2.02829 7.8368 -0.0277943 -0.320892
-0.598397 2.11907 7.73209 -0.131843 -0.311388
-0.572016 2.1097 7.73484 -0.128519 -0.312574
-0.609299 2.46889 7.81661 -0.130641 -0.265099
0.496036 3.38137 7.90121 0.00993908 -0.154982
1.22846 3.31014 7.79117 0.101518 -0.168917
0.8456 3.10155 7.8382 0.0525585 -0.191968
1.12688 2.68226 7.89643 0.0845033 -0.242931
-0.962285 3.6601 7.58156 -0.176531 -0.119903
-1.19688 3.23906 7.17853 -0.21895 -0.18457
-0.581573 2.81536 7.8866 -0.125241 -0.220493
-1.31247 2.37472 6.87325 -0.247237 -0.314173
0.786264 3.59413 7.82385 0.0471477 -0.13113
0.164686 2.03225 7.83866 -0.036528 -0.320199
1.33836 2.79028 7.74863 0.113539 -0.234825
0.463759 3.87616 7.93285 0.00778237 -0.0933515
0.868668 3.20441 7.82409 0.0559174 -0.179665
-0.40635 2.06243 7.76534 -0.107468 -0.317659
-0.795596 2.64196 7.62811 -0.157302 -0.249578
-0.739698 2.13613 7.61187 -0.151541 -0.314584
-1.29857 2.82088 6.99959 -0.239806 -0.247158
3.52112 2.38253 7.09782 0.416123 -0.317593
3.5261 2.3849 7.10824 0.416123 -0.317593
-0.734458 3.64541 7.92179 -0.141011 -0.117143
-0.240547 2.2039 7.85108 -0.0854931 -0.297462
0.767901 3.23739 7.83439 0.043415 -0.17518
0.369257 3.60413 7.93969 -0.00515525 -0.126543
-0.466969 2.03733 7.73993 -0.115326 -0.321518
-1.3778 2.87143 6.95815 -0.25208 -0.241199
0.848506 2.87087 7.87527 0.0515342 -0.21898
0.274563 3.74351 7.92982 -0.016088 -0.109008
0.404636 4.00318 7.94536 0.000929395 -0.0773891
-0.961594 3.14761 7.44482 -0.180982 -0.190122
1.26744 2.65848 7.83081 0.102681 -0.247841
-1.19403 3.34964 7.22187 -0.217046 -0.1684
0.683619 3.29544 7.84074 0.0331427 -0.167933
0.416179 3.85909 7.9344 0.00209815 -0.0952684
0.481877 2.94078 7.89641 0.00631753 -0.208965
0.482153 2.94283 7.9068 0.00631753 -0.208965
1.52599 2.15783 7.86198 0.131781 -0.308754
0.98381 3.28338 7.81553 0.0703804 -0.170697
-1.17962 3.26332 7.1962 -0.216033 -0.181032
0.404932 3.25165 7.9122 -0.0020495 -0.170271
0.690265 2.91321 7.89323 0.0320075 -0.213062
0.384431 3.27208 7.91814 -0.00440653 -0.167816
0.384431 3.27208 7.91814 -0.00440653 -0.167816
0.74303 2.93362 7.89941 0.0386503 -0.210324
1.38712 -0.910195 7.72195 -0.262861 0.0924966
-0.725557 2.37779 7.72652 -0.146951 -0.279042
0.529305 3.39336 7.88272 0.0140367 -0.153842
0.529305 3.39336 7.88272 0.0140367 -0.153842
0.3455 4.06956 7.94072 -0.00606887 -0.0690576
1.26942 2.55066 7.876 0.101808 -0.259615
1.11901 3.45842 7.79955 0.0881949 -0.149791
1.11901 3.45842 7.79955 0.0881949 -0.149791
0.723411 3.00724 7.86137 0.0368574 -0.202453
0.81356 3.21872 7.83201 0.0486992 -0.177618
1.11564 2.98359 7.78407 0.0859363 -0.208946
1.11564 2.98359 7.78407 0.0859363 -0.208946
0.413348 4.0846 7.94742 0.00232564 -0.0673506
1.16995 3.45724 7.80034 0.0946855 -0.150119
1.11213 2.70829 7.89341 0.082799 -0.239833
0.265607 2.19662 7.85541 -0.0235787 -0.300176
1.85503 2.33988 7.68015 0.177692 -0.294499
-1.25259 2.47828 6.94173 -0.23625 -0.296871
-0.759693 2.16536 7.60776 -0.154371 -0.310539
-0.694863 2.31861 7.73785 -0.143505 -0.286334
-0.553702 2.481 7.85741 -0.123194 -0.262195
-0.387955 2.31243 7.85866 -0.10345 -0.283056
0.00734023 2.16923 7.85212 -0.0551416 -0.302535
-0.0313926 2.15756 7.84872 -0.0599719 -0.303965
0.402018 3.74438 7.92244 -0.000179454 -0.10945
0.402018 3.74438 7.92244 -0.000179454 -0.10945
1.21165 3.17999 7.77532 0.0987937 -0.185309
-0.52974 2.44101 7.87641 -0.120667 -0.266697
2.26049 2.29633 7.53066 0.232759 -0.306356
-0.712348 2.10504 7.63053 -0.147974 -0.3172
-0.712283 2.10504 7.63056 -0.147974 -0.3172
-0.473862 2.11731 7.76016 -0.116028 -0.310864
0.711329 2.89885 7.89683 0.0345349 -0.214933
0.368571 3.42718 7.92684 -0.00562536 -0.148349
0.368571 3.42718 7.92684 -0.00562536 -0.148349
-0.669196 2.77723 7.88337 -0.136238 -0.22514
-1.33511 2.81113 6.97317 -0.245897 -0.249056
0.507676 3.11871 7.90611 0.0102453 -0.187073
0.507676 3.11871 7.90611 0.0102453 -0.187073
0.519016 3.41663 7.91275 0.0125551 -0.151477
0.552369 3.19624 7.89944 0.0160368 -0.177792
1.59658 2.81232 7.623 0.14848 -0.236955
0.693059 2.84964 7.888 0.0320798 -0.220917
-0.200818 2.26338 7.85399 -0.0803211 -0.290166
1.46374 3.30678 7.71686 0.132017 -0.171791
-1.38889 3.13586 6.98853 -0.252155 -0.203615
1.13497 3.18182 7.7867 0.0890891 -0.184512
0.804766 3.16523 7.82778 0.0475735 -0.184361
0.550136 3.93181 7.93178 0.0184047 -0.0868208
-0.155362 2.22535 7.84813 -0.074929 -0.295027
0.48012 3.82044 7.93245 0.00946697 -0.100189
0.957962 3.26408 7.8204 0.0670292 -0.172679
0.967231 3.36212 7.81506 0.0687576 -0.160966
0.967231 3.36212 7.81506 0.0687576 -0.160966
1.13991 3.44684 7.79473 0.0907957 -0.151224
1.20513 3.46645 7.79803 0.0991377 -0.149168
0.800296 3.87018 7.8711 0.0494365 -0.096197
0.908764 3.23335 7.82102 0.0608375 -0.176331
0.497399 3.24711 7.91675 0.00945645 -0.171156
1.4287 2.2827 7.85632 0.120388 -0.293058
1.25948 3.45199 7.77968 0.105781 -0.151405
1.13844 3.07845 7.78868 0.0892453 -0.19719
1.82353 2.54106 7.65459 0.174586 -0.270279
0.875673 3.18095 7.83121 0.056228 -0.18239
-0.503049 2.14471 7.74914 -0.119752 -0.307956
0.310646 3.6411 7.92726 -0.0120286 -0.12183
0.460617 2.03043 7.84333 0.000374253 -0.321157
-1.1463 3.02217 7.20717 -0.212054 -0.213099
-1.14624 3.02224 7.20504 -0.212054 -0.213099
-0.787243 4.06022 7.93954 -0.145716 -0.0659914
0.743936 3.22899 7.83337 0.0403706 -0.176125
-1.21404 3.34928 7.20612 -0.220029 -0.168762
-1.19826 3.1211 7.14277 -0.220602 -0.201601
0.592214 3.54588 7.86646 0.0229181 -0.135697
0.976838 3.25583 7.81249 0.0695404 -0.173867
0.976838 3.25583 7.81249 0.0695404 -0.173867
-0.721763 2.23055 7.687 -0.148094 -0.299201
-0.721763 2.23055 7.687 -0.148094 -0.299201
0.481194 3.28192 7.91724 0.00739664 -0.166975
0.744643 3.63585 7.84586 0.0418828 -0.125325
-1.23258 2.72754 7.00645 -0.230637 -0.259912
0.0705663 2.14093 7.84775 -0.0472912 -0.306335
-1.26777 3.02751 7.07477 -0.232471 -0.216111
-1.2685 3.0274 7.07962 -0.232471 -0.216111
-1.40797 3.26368 7.0207 -0.252928 -0.184681
0.39401 3.29211 7.90477 -0.00301468 -0.165074
1.10946 3.32117 7.80676 0.0855796 -0.166757
0.85799 2.84555 7.89883 0.0520929 -0.22203
0.572372 3.13005 7.91047 0.0180557 -0.185924
-1.18669 3.19158 7.16509 -0.21832 -0.191222
0.0841218 2.16385 7.85043 -0.04569 -0.303735
-1.00057 3.61663 7.55257 -0.181868 -0.126381
-0.89646 2.39275 7.34612 -0.177092 -0.292062
0.39288 3.5584 7.92471 -0.00217814 -0.132376
-0.307853 2.36778 7.85736 -0.0933504 -0.276987
-1.36119 2.64809 6.89584 -0.252548 -0.274865
1.16013 3.49101 7.79641 0.09368 -0.145918
1.16013 3.49101 7.79641 0.09368 -0.145918
0.797352 3.23919 7.83284 0.0468576 -0.175025
1.05323 3.33648 7.80924 0.0794029 -0.164479
1.1517 3.55997 7.79861 0.0928872 -0.137271
-0.614207 2.21343 7.74416 -0.1333 -0.299251
1.08944 3.39751 7.80865 0.0841048 -0.157251
1.40902 2.86142 7.65925 0.124103 -0.22859
1.20641 2.9749 7.76073 0.0975144 -0.211058
0.19411 2.15184 7.84983 -0.0320727 -0.305496
0.90045 3.54388 7.82627 0.0611579 -0.13796
0.900252 3.54303 7.82291 0.0611579 -0.13796
0.1288 2.49956 7.87091 -0.0385133 -0.262623
-0.670668 2.40931 7.76464 -0.139963 -0.274104
-1.17887 3.20638 7.18092 -0.216626 -0.188967
0.868213 2.82883 7.88833 0.0536213 -0.224029
-1.47015 3.00367 6.89898 -0.266808 -0.224478
0.277725 2.16537 7.85193 -0.0214169 -0.304069
-1.15695 2.98885 7.18607 -0.214113 -0.218212
1.11274 3.05285 7.80609 0.0855101 -0.19998
-0.26428 2.04462 7.76788 -0.0898077 -0.320212
0.813659 3.11684 7.837 0.0483295 -0.190031
1.90019 2.24604 7.65678 0.182852 -0.306741
-0.694834 2.11068 7.64296 -0.145689 -0.31633
-0.442096 2.08105 7.75585 -0.112027 -0.315663
1.14619 2.91187 7.75911 0.0898614 -0.218422
1.14292 3.05974 7.77688 0.089619 -0.199578
1.14292 3.05974 7.77688 0.089619 -0.199578
-0.378413 2.33792 7.85272 -0.102106 -0.280114
0.456731 3.31029 7.90956 0.00468097 -0.163307
0.744913 3.34823 7.816 0.0409696 -0.161638
-1.24653 2.40878 6.91888 -0.236362 -0.307401
-1.24653 2.40878 6.91888 -0.236362 -0.307401
0.357589 3.69746 7.92749 -0.00601379 -0.115014
-0.894025 3.67929 7.70948 -0.165028 -0.116011
1.31018 3.47509 7.78559 0.112317 -0.148608
-0.565211 2.38465 7.82332 -0.125488 -0.275222
-0.661034 2.4973 7.80252 -0.137419 -0.261882
-0.669389 2.59324 7.83966 -0.137615 -0.249317
1.88204 2.31508 7.66814 0.180989 -0.298099
1.0986 2.99448 7.79469 0.0836039 -0.207272
-1.26251 2.35551 6.89468 -0.239542 -0.316
-1.2638 2.35548 6.89972 -0.239542 -0.316
0.575095 2.0054 7.84416 0.014362 -0.324673
0.822592 3.40792 7.81379 0.0508903 -0.154929
-0.65708 2.32793 7.75134 -0.13838 -0.284698
-0.657382 2.32848 7.75908 -0.13838 -0.284698
-0.174736 2.1613 7.84089 -0.0777401 -0.303273
0.556188 3.51317 7.88491 0.0176908 -0.139349
-0.368556 2.18864 7.84436 -0.101608 -0.298988
-1.20087 3.18453 7.15787 -0.220355 -0.19256
-1.20087 3.18453 7.15787 -0.220355 -0.19256
-1.17946 3.23044 7.18698 -0.216412 -0.185576
0.746053 3.42086 7.82912 0.0414489 -0.15287
-0.424064 2.11949 7.7882 -0.109455 -0.309503
1.17482 3.18922 7.77881 0.0942944 -0.183792
-1.30117 2.70607 6.95656 -0.241811 -0.264291
0.447659 3.11554 7.90124 0.00279058 -0.187243
0.543748 3.52658 7.88619 0.0162922 -0.13769
-0.411871 2.13021 7.79569 -0.107703 -0.307973
-0.663212 2.20607 7.70076 -0.140329 -0.301622
-0.664265 2.20569 7.70431 -0.140329 -0.301622
-1.22662 3.30871 7.18535 -0.222591 -0.17474
0.947341 2.80996 7.8802 0.0632684 -0.226941
-1.22676 3.28154 7.17549 -0.222926 -0.178811
-0.719265 3.85439 7.93061 -0.138185 -0.0914036
-0.681384 2.70354 7.83044 -0.138784 -0.235358
-0.423298 2.26254 7.85804 -0.107912 -0.289343
-1.24336 3.36487 7.19882 -0.22441 -0.166768
-0.533535 2.42193 7.85068 -0.121034 -0.269748
-0.534429 2.42105 7.85851 -0.121034 -0.269748
-0.747455 2.88487 7.64207 -0.15014 -0.218789
0.851491 3.17429 7.82322 0.0534501 -0.183253
-0.405152 2.23453 7.84774 -0.105708 -0.293326
0.145685 2.39512 7.85889 -0.0372223 -0.275282
-0.705133 3.33819 7.84615 -0.139799 -0.157032
0.413225 3.55187 7.91624 4.37766e-05 -0.133414
0.449733 2.04668 7.84604 -0.00114215 -0.31927
-0.626964 2.07499 7.70055 -0.136288 -0.318244
0.270416 4.16791 7.93727 -0.0150724 -0.0563978
-1.49745 3.01044 6.8828 -0.27112 -0.224082
0.395169 2.21127 7.85131 -0.00677412 -0.298294
-1.22425 3.03277 7.11162 -0.225536 -0.214429
2.7005 2.55823 7.27294 0.300136 -0.285265
-0.298887 2.02673 7.76053 -0.0942925 -0.322732
1.13359 2.89701 7.78262 0.0877664 -0.219827
1.06963 2.97846 7.7985 0.080035 -0.20909
-1.24649 3.03332 7.10165 -0.22878 -0.214804
0.419453 3.75682 7.93139 0.00181793 -0.107903
1.26544 2.57509 7.88815 0.101148 -0.256792
-1.23839 2.46686 6.93711 -0.234356 -0.298661
0.486516 2.13495 7.85408 0.00403971 -0.30819
-0.569414 2.286 7.79105 -0.126988 -0.288707
0.395334 2.05754 7.84957 -0.0076983 -0.317867
0.395334 2.05754 7.84957 -0.0076983 -0.317867
0.504204 4.07011 7.94074 0.0135388 -0.0694941
-1.34511 2.44212 6.87058 -0.251824 -0.305077
-1.19836 3.43657 7.24718 -0.216763 -0.156117
0.460612 3.79638 7.92154 0.00715615 -0.103172
-0.616477 2.15429 7.72407 -0.134067 -0.307002
0.213133 2.15836 7.8511 -0.0296233 -0.304822
-0.530562 2.16087 7.74622 -0.12299 -0.305944
0.491615 3.84662 7.93317 0.0110163 -0.0970535
-0.582158 2.26507 7.78337 -0.128514 -0.291547
-0.504759 2.23106 7.80866 -0.118706 -0.294918
-0.644526 2.07538 7.64778 -0.139171 -0.319771
-1.41143 3.01286 6.9566 -0.256476 -0.221672
-1.3374 2.65322 6.91099 -0.248566 -0.27364
0.476139 3.95106 7.9206 0.00947127 -0.0847866
-0.732055 2.59824 7.76904 -0.146635 -0.250435
-0.184042 2.79167 7.86595 -0.0759831 -0.225711
-0.18295 2.79178 7.86276 -0.0759831 -0.225711
0.983617 3.67926 7.8286 0.0720034 -0.121131
-0.508336 2.04554 7.72245 -0.120971 -0.321237
0.409388 3.22555 7.89897 -0.00144932 -0.173554
-0.621103 2.54972 7.8552 -0.131482 -0.253913
1.42636 2.34175 7.86451 0.120197 -0.285895
1.06456 3.00821 7.80595 0.0793421 -0.205423
1.06379 3.00756 7.79964 0.0793421 -0.205423
0.491083 3.08147 7.90018 0.00806307 -0.191561
-1.30616 2.48768 6.89755 -0.245301 -0.297206
-0.189379 2.06267 7.77889 -0.0804654 -0.317676
0.343439 3.51821 7.91499 -0.00845233 -0.137261
1.77284 2.07812 7.85494 0.161289 -0.319127
1.82241 2.25039 7.66791 0.172944 -0.305804
-0.16802 2.85924 7.86892 -0.0737313 -0.217325
-0.16802 2.85924 7.86892 -0.0737313 -0.217325
-0.629101 2.22999 7.73373 -0.135349 -0.297553
1.08574 3.02666 7.79082 0.0822599 -0.203217
0.138388 2.18307 7.84355 -0.038756 -0.301522
-0.96656 3.62701 7.58702 -0.176698 -0.124775
0.00322957 2.18977 7.8558 -0.0554256 -0.299918
0.00306194 2.18728 7.84486 -0.0554256 -0.299918
0.317959 2.19768 7.83822 -0.0164223 -0.300512
0.206548 2.18741 7.85251 -0.0302088 -0.301148
-0.652402 2.12329 7.67799 -0.139538 -0.313006
0.928737 3.07159 7.81542 0.0628593 -0.196487
0.929389 3.07123 7.82303 0.0628593 -0.196487
-0.683096 2.46056 7.77578 -0.140824 -0.267364
1.72533 2.37688 7.71768 0.160145 -0.287764
1.78316 2.29651 7.70283 0.16745 -0.29893
0.406401 3.72481 7.93059 5.53403e-05 -0.111826
-0.310547 2.3483 7.86053 -0.0933028 -0.279076
1.84717 2.4941 7.66128 0.177325 -0.275911
-0.182489 2.24696 7.85539 -0.0784821 -0.292518
0.394965 3.58059 7.93093 -0.001935 -0.129493
0.435085 3.35296 7.92893 0.00205894 -0.157602
0.121034 2.17232 7.85008 -0.0406931 -0.30247
2.0478 2.19316 7.6901 0.200214 -0.312629
-0.681843 2.20458 7.69308 -0.142693 -0.302204
0.388985 3.6179 7.92059 -0.00235068 -0.125002
0.0599677 2.25801 7.854 -0.0480991 -0.291921
0.111944 2.4519 7.84924 -0.0410679 -0.268441
-0.396172 2.03089 7.76359 -0.106507 -0.321554
1.23582 3.26679 7.77636 0.102367 -0.174398
0.710817 3.8316 7.86972 0.0384034 -0.100558
1.56207 2.55784 7.75533 0.139932 -0.263745
0.0834705 2.63561 7.85453 -0.0431302 -0.245997
0.411982 3.78344 7.92859 0.000975389 -0.104617
0.411982 3.78344 7.92859 0.000975389 -0.104617
0.993944 3.1394 7.80937 0.0711692 -0.188371
-1.41 2.38302 6.78816 -0.264071 -0.31677
-0.895047 3.80202 7.66237 -0.165424 -0.101379
0.495233 3.98651 7.94115 0.0118203 -0.0797683
0.115469 2.57494 7.85828 -0.0395812 -0.253543
-0.0329689 2.23937 7.86045 -0.0594454 -0.294064
-0.0329689 2.23937 7.86045 -0.0594454 -0.294064
1.6555 2.23404 7.75085 0.150103 -0.304
1.03013 3.0957 7.80635 0.0755582 -0.194257
0.461748 3.81383 7.92503 0.00720984 -0.100993
0.77284 3.40491 7.8216 0.0447158 -0.15468
-0.730098 2.10303 7.61691 -0.150176 -0.31781
-0.559208 2.02225 7.70374 -0.127491 -0.324796
0.151089 2.48346 7.85687 -0.0360987 -0.264653
1.19343 3.49876 7.77865 0.0980289 -0.14522
1.10594 3.03676 7.79029 0.0847836 -0.202209
1.10594 3.03676 7.79029 0.0847836 -0.202209
-0.815407 2.40604 7.62202 -0.160255 -0.279582
